00 0 83.5668 10.9318 0.0404 0.7294
01 0 10.9272 19.8540 0.0414 0.7872
02 0 74.5917 1.6116 0.0308 0.7550
03 0 36.3698 8.2771 0.0320 0.9591
04 0 36.2514 1.7335 0.0551 0.8247
05 1 61.1192 1.8982 0.0353 0.8299
06 0 39.6811 1.0984 0.0526 0.4059
07 0 41.2027 2.2682 0.0323 0.6624
08 0 51.2353 6.0732 0.0314 0.9112
09 0 71.1597 15.8267 0.0366 0.3455
10 0 96.0724 46.9102 0.0363 0.4553
11 0 45.9338 16.3484 0.0395 0.4085
12 1 43.0513 4.7388 0.0369 0.9022
13 0 11.7896 7.2513 0.0435 0.3656
14 0 22.1809 0.6070 0.0304 0.6663
15 1 95.7685 12.4166 0.0499 0.6687
16 0 94.3634 0.7527 0.0352 0.8432
17 0 88.2415 21.4227 0.0530 0.5650
18 0 64.8179 12.9484 0.0528 0.9543
19 0 21.7756 17.9196 0.0282 0.5328
20 0 63.8648 12.3867 0.0514 0.7008
21 1 14.3451 11.9544 0.0465 0.3717
22 0 46.1411 26.6073 0.0288 0.7302
23 1 87.4494 21.3430 0.0363 0.7620
24 0 26.2158 0.9979 0.0434 0.8275
